0.37200000
0.16133333
0.37333333
0.21733333
0.35733333
0.27200000
0.30666667
0.26000000
0.49333333
0.15733333
0.43466667
0.15733333
0.49866667
0.27600000
0.43733333
0.21733333
0.49333333
0.21733333
0.46400000
0.15600000
0.43466667
0.18666667
0.43333333
0.24666667
0.46933333
0.27200000
0.46800000
0.21733333
0.37333333
0.19066667
0.37066667
0.25066667
0.33066667
0.27333333
0.54000000
0.16400000
0.57200000
0.16400000
0.60133333
0.16266667
0.57466667
0.18800000
0.56800000
0.27200000
0.67733333
0.27466667
0.67733333
0.25066667
0.68000000
0.21333333
0.68133333
0.18533333
0.64933333
0.16133333
0.67866667
0.16000000
0.71200000
0.16000000
0.57066667
0.25066667
0.57066667
0.22000000
0.16533333
0.44400000
0.17866667
0.47466667
0.19333333
0.50800000
0.20533333
0.54533333
0.22000000
0.50666667
0.23333333
0.47733333
0.24133333
0.44666667
0.26400000
0.48266667
0.27600000
0.51600000
0.28133333
0.54533333
0.32000000
0.44400000
0.31066667
0.47066667
0.29733333
0.50533333
0.37866667
0.44666667
0.41200000
0.44533333
0.44266667
0.46400000
0.44133333
0.49466667
0.44133333
0.56000000
0.37600000
0.47333333
0.37466667
0.50133333
0.37466667
0.52666667
0.37466667
0.55466667
0.50666667
0.44000000
0.50133333
0.46533333
0.50133333
0.49066667
0.50000000
0.51466667
0.50133333
0.54000000
0.50133333
0.56133333
0.54800000
0.44533333
0.57066667
0.44400000
0.61866667
0.44533333
0.59466667
0.44533333
0.58400000
0.46933333
0.58266667
0.49733333
0.58400000
0.55200000
0.58533333
0.52266667
0.73200000
0.44666667
0.67066667
0.44666667
0.67066667
0.47333333
0.67066667
0.49600000
0.66800000
0.55866667
0.66800000
0.53200000
0.69866667
0.50000000
0.71866667
0.50000000
0.69733333
0.55866667
0.72533333
0.55866667
0.84133333
0.45866667
0.82400000
0.44266667
0.78000000
0.47866667
0.80400000
0.49733333
0.83733333
0.51600000
0.83866667
0.54400000
0.80933333
0.56133333
0.78400000
0.54266667
0.78000000
0.45600000
0.80000000
0.44266667
0.33466667
0.73733333
0.30666667
0.72533333
0.28000000
0.73200000
0.25333333
0.74800000
0.24133333
0.77600000
0.24800000
0.80666667
0.27200000
0.82800000
0.30400000
0.84000000
0.32933333
0.83466667
0.39333333
0.78666667
0.39600000
0.75333333
0.41866667
0.73333333
0.44800000
0.72400000
0.47466667
0.73333333
0.49733333
0.75066667
0.50533333
0.77866667
0.50533333
0.80933333
0.48266667
0.83600000
0.44933333
0.84133333
0.41866667
0.83066667
0.40000000
0.81333333
0.56666667
0.72800000
0.56933333
0.75333333
0.56933333
0.77600000
0.56800000
0.80133333
0.56666667
0.83466667
0.61066667
0.83466667
0.63600000
0.81866667
0.65466667
0.78533333
0.65066667
0.76133333
0.63600000
0.73733333
0.60400000
0.72933333
0.77466667
0.72800000
0.74666667
0.72933333
0.71733333
0.72933333
0.71866667
0.75600000
0.71866667
0.78400000
0.74933333
0.78400000
0.77066667
0.78400000
0.71733333
0.80800000
0.71600000
0.83600000
0.74533333
0.84000000
0.77600000
0.84000000
0.70133333
0.44533333
0.42533333
0.54133333
0.40933333
0.51333333
0.43733333
0.27333333
