279
121
280
163
268
204
230
195
370
118
326
118
374
207
328
163
370
163
348
117
326
140
325
185
352
204
351
163
280
143
278
188
248
205
405
123
429
123
451
122
431
141
426
204
508
206
508
188
510
160
511
139
487
121
509
120
534
120
428
188
428
165
124
333
134
356
145
381
154
409
165
380
175
358
181
335
198
362
207
387
211
409
240
333
233
353
223
379
284
335
309
334
332
348
331
371
331
420
282
355
281
376
281
395
281
416
380
330
376
349
376
368
375
386
376
405
376
421
411
334
428
333
464
334
446
334
438
352
437
373
438
414
439
392
549
335
503
335
503
355
503
372
501
419
501
399
524
375
539
375
523
419
544
419
631
344
618
332
585
359
603
373
628
387
629
408
607
421
588
407
585
342
600
332
251
553
230
544
210
549
190
561
181
582
186
605
204
621
228
630
247
626
295
590
297
565
314
550
336
543
356
550
373
563
379
584
379
607
362
627
337
631
314
623
300
610
425
546
427
565
427
582
426
601
425
626
458
626
477
614
491
589
488
571
477
553
453
547
581
546
560
547
538
547
539
567
539
588
562
588
578
588
538
606
537
627
559
630
582
630
526
334
319
406
307
385
328
205
